0,0.000340291,0.000682794,0.00103141,0.00138924,0.00175941,0.00214511,0.00254961,0.00297626,0.0034285,0.00390992,0.00442419,0.00497515,0.00556679,0.00620328,0.00688893,0.00762829,0.00842608,0.00928725,0.010217,0.0112206,0.0123039,0.0134727,0.0147331,0.0160917,0.017555,0.0191301,0.0208243,0.022645,0.0246001,0.0266977,0.0289462,0.0313543,0.0339308,0.0366851,0.0396266,0.0427649,0.0461101,0.0496723,0.0534619,0.0574894,0.0617656,0.0663014,0.0711078,0.0761959,0.0815767,0.0872617,0.0932618,0.0995884,0.106253,0.113265,0.120638,0.12838,0.136503,0.145017,0.153931,0.163256,0.173001,0.183173,0.193782,0.204835,0.216339,0.2283,0.240725,0.253618,0.266984,0.280826,0.295147,0.309949,0.325232,0.340996,0.35724,0.373963,0.39116,0.408829,0.426963,0.445556,0.464601,0.484089,0.504011,0.524355,0.545111,0.566266,0.587804,0.609713,0.631974,0.654573,0.67749,0.700707,0.724204,0.747962,0.771959,0.796172,0.820581,0.845161,0.869889,0.894741,0.919693,0.94472,0.969797,1
0,0.000688349,0.00139951,0.00216012,0.00299601,0.0039344,0.00500434,0.00623711,0.00766669,0.00933007,0.0112677,0.0135237,0.0161463,0.019188,0.0227056,0.0267605,0.0314186,0.0367501,0.0428298,0.0497361,0.0575511,0.0663599,0.07625,0.0873103,0.0996305,0.1133,0.128405,0.145032,0.163261,0.183166,0.204816,0.228269,0.253574,0.280769,0.309879,0.340914,0.373869,0.408724,0.445442,0.483966,0.524226,0.56613,0.609572,0.65443,0.700563,0.747818,0.79603,0.845022,0.894606,0.94459,1
0,0.00116125,0.00240947,0.00384075,0.00555545,0.00766448,0.0102925,0.0135808,0.0176898,0.022801,0.0291181,0.0368672,0.0462965,0.0576739,0.0712836,0.0874219,0.106391,0.128489,0.154005,0.183207,0.216329,0.253563,0.295046,0.34085,0.390973,0.445332,0.503757,0.56599,0.631684,0.700411,0.771666,0.844877,0.919424,1
0,0.00144058,0.00307653,0.0051244,0.0078258,0.0114643,0.0163772,0.0229654,0.0316993,0.0431206,0.0578386,0.0765188,0.099864,0.128587,0.163377,0.204855,0.25353,0.309752,0.373665,0.445173,0.523911,0.609232,0.700219,0.795703,0.894313,1
0,0.00186486,0.00411821,0.00720045,0.0116328,0.0180593,0.0272772,0.0402538,0.0581261,0.0821757,0.113775,0.154302,0.205026,0.266974,0.340783,0.42657,0.523829,0.631372,0.747347,0.869314,1
0,0.00336843,0.00764385,0.0138663,0.023292,0.0374802,0.0583259,0.0880255,0.128957,0.183465,0.253567,0.340598,0.444871,0.565407,0.699812,0.844359,1
0,0.00341065,0.00809181,0.0155665,0.0277992,0.0473499,0.0774018,0.12161,0.183728,0.267008,0.373461,0.503116,0.653512,0.819595,1
0,0.00487627,0.011959,0.0239464,0.0443783,0.0778185,0.129664,0.205473,0.309793,0.444702,0.60848,0.794972,1
0,0.00441396,0.0114309,0.0244432,0.048241,0.0892945,0.155338,0.253989,0.390445,0.564856,0.770501,1
0,0.00475171,0.0129052,0.0291149,0.0602462,0.115658,0.206097,0.34075,0.522949,0.746298,1
