0,0.000341352,0.000685768,0.00103633,0.00139614,0.00176835,0.00215617,0.00256289,0.00299188,0.00344659,0.00393063,0.00444769,0.00500164,0.0055965,0.00623642,0.00692579,0.00766914,0.00847123,0.00933704,0.0102718,0.0112808,0.0123699,0.013545,0.0148122,0.0161781,0.0176493,0.0192328,0.020936,0.0227665,0.0247321,0.0268409,0.0291014,0.0315223,0.0341127,0.0368816,0.0398388,0.0429938,0.0463568,0.049938,0.0537477,0.0577966,0.0620955,0.0666554,0.0714872,0.0766022,0.0820115,0.0877264,0.0937583,0.100118,0.106818,0.113867,0.121278,0.129061,0.137227,0.145785,0.154747,0.16412,0.173916,0.184141,0.194805,0.205916,0.21748,0.229503,0.241993,0.254953,0.268388,0.282302,0.296697,0.311575,0.326937,0.342782,0.35911,0.375919,0.393205,0.410964,0.429191,0.447879,0.467022,0.486609,0.506633,0.527082,0.547943,0.569205,0.590854,0.612873,0.635248,0.657961,0.680994,0.704328,0.727945,0.751822,0.77594,0.800276,0.824807,0.849511,0.874363,0.89934,0.924417,0.949569,0.974772,1
0,0.000690724,0.00140606,0.00217107,0.00301177,0.00395554,0.00503158,0.00627138,0.00770909,0.00938195,0.0113306,0.0135995,0.0162371,0.0192961,0.0228337,0.0269116,0.0315961,0.0369579,0.043072,0.0500173,0.0578764,0.0667347,0.0766803,0.0878024,0.100191,0.113936,0.129126,0.145844,0.164173,0.184187,0.205955,0.229535,0.254977,0.282318,0.311584,0.342784,0.375914,0.410953,0.447863,0.48659,0.527059,0.56918,0.612847,0.657935,0.704304,0.751801,0.800257,0.849496,0.89933,0.949564,1
0,0.0011654,0.00242102,0.0038607,0.00558545,0.00770689,0.0103505,0.0136584,0.017792,0.0229338,0.0292888,0.0370846,0.0465704,0.0580157,0.0717065,0.0879403,0.10702,0.129248,0.154912,0.184281,0.217592,0.255035,0.296749,0.342806,0.393203,0.447855,0.506593,0.569154,0.635193,0.704275,0.775895,0.849477,0.924399,1
0,0.00144545,0.0030908,0.00515054,0.00786797,0.0115286,0.016472,0.0231015,0.0318906,0.0433843,0.0581954,0.0769932,0.100484,0.129384,0.164386,0.206112,0.255073,0.31162,0.375895,0.447801,0.526967,0.612744,0.704207,0.800182,0.899289,1
0,0.00187057,0.00413638,0.0072365,0.011696,0.0181637,0.0274421,0.0405052,0.0584969,0.0827062,0.114513,0.155301,0.206344,0.268671,0.342919,0.4292,0.527002,0.635126,0.751707,0.874294,1
0,0.00337946,0.00767984,0.0139413,0.0234299,0.0377164,0.0587086,0.0886162,0.129829,0.184703,0.255257,0.342826,0.447716,0.568929,0.704056,0.849344,1
0,0.00341927,0.008126,0.015648,0.0279659,0.0476596,0.0779339,0.122465,0.185021,0.268861,0.375989,0.506413,0.657642,0.824586,1
0,0.00488879,0.0120125,0.0240822,0.0446682,0.0783681,0.130612,0.206977,0.312013,0.447774,0.612498,0.799972,1
0,0.00441954,0.0114733,0.0245759,0.0485612,0.0899499,0.156521,0.25591,0.393293,0.568762,0.775512,1
0,0.00475362,0.012949,0.0292768,0.0606678,0.116553,0.207728,0.343373,0.526741,0.751322,1
