0,0.000340747,0.000681213,0.00102778,0.00138353,0.00175156,0.00213506,0.00253728,0.00296153,0.00341126,0.00389001,0.00440146,0.00494941,0.00553783,0.00617086,0.00685281,0.00758818,0.00838168,0.00923823,0.010163,0.0111613,0.0122388,0.0134013,0.014655,0.0160063,0.0174619,0.0190286,0.0207138,0.0225248,0.0244696,0.0265561,0.0287927,0.031188,0.033751,0.0364907,0.0394166,0.0425384,0.045866,0.0494095,0.0531791,0.0571855,0.0614393,0.0659513,0.0707324,0.0757938,0.0811466,0.0868018,0.0927706,0.0990642,0.105694,0.11267,0.120004,0.127706,0.135787,0.144256,0.153125,0.162401,0.172095,0.182215,0.192769,0.203765,0.21521,0.22711,0.239471,0.252298,0.265595,0.279366,0.293614,0.308339,0.323544,0.339228,0.35539,0.372027,0.389137,0.406716,0.424757,0.443256,0.462205,0.481594,0.501415,0.521657,0.542308,0.563356,0.584786,0.606584,0.628734,0.651219,0.674021,0.697122,0.720502,0.744141,0.768018,0.792111,0.816398,0.840855,0.86546,0.890189,0.915017,0.93992,0.964873,1
0,0.000688755,0.00139529,0.00215111,0.0029819,0.0039147,0.00497837,0.00620401,0.00762537,0.00927926,0.0112059,0.0134491,0.0160569,0.0190814,0.0225792,0.0266112,0.0312431,0.0365447,0.0425903,0.049458,0.0572294,0.0659893,0.0758245,0.0868237,0.099076,0.11267,0.127693,0.144229,0.162359,0.182157,0.20369,0.227017,0.252187,0.279237,0.308193,0.339064,0.371847,0.406519,0.443046,0.481371,0.521422,0.563112,0.606332,0.650961,0.696861,0.743878,0.791848,0.840594,0.889931,0.939667,1
0,0.00116138,0.00240118,0.00382332,0.00552747,0.00762377,0.0102361,0.0135048,0.0175893,0.0226701,0.0289495,0.0366526,0.046026,0.0573361,0.0708658,0.0869096,0.105768,0.127739,0.153109,0.182145,0.215081,0.252108,0.293362,0.338916,0.388768,0.442837,0.500953,0.56286,0.628215,0.696589,0.767482,0.840326,0.914502,1
0,0.0014405,0.00306558,0.00510065,0.0077855,0.0114017,0.0162843,0.0228314,0.0315106,0.0428603,0.0574863,0.0760503,0.0992517,0.1278,0.162381,0.203613,0.252005,0.307905,0.371461,0.442576,0.520889,0.60576,0.696275,0.791274,0.88939,1
0,0.0018648,0.00410363,0.00716685,0.0115715,0.017957,0.0271149,0.040006,0.0577603,0.081652,0.113046,0.153316,0.203724,0.265297,0.338672,0.423971,0.520693,0.627662,0.743035,0.86439,1
0,0.00336693,0.00761356,0.0137951,0.0231574,0.037248,0.0579489,0.0874429,0.128096,0.182244,0.251898,0.338397,0.442061,0.561925,0.695617,0.839432,1
0,0.00341078,0.00806241,0.0154883,0.0276359,0.0470451,0.0768774,0.120767,0.182452,0.265179,0.370965,0.49986,0.649431,0.814661,1
0,0.00487541,0.0119115,0.0238149,0.0440938,0.0772773,0.128731,0.20399,0.307602,0.441668,0.604512,0.790031,1
0,0.00441788,0.011393,0.0243141,0.0479264,0.0886494,0.154173,0.252095,0.387634,0.560999,0.76555,1
0,0.00475914,0.0128656,0.028957,0.0598319,0.114778,0.20449,0.338164,0.519204,0.741335,1
